
[general]
num_version_config             = 1
num_version_mb                 = 33
num_version_soft               = 2.3.3
drone_serial                   = PS721000AF2G097092
soft_build_date                = 2012-11-26 12:16
motor1_soft                    = 1.43
motor1_hard                    = 6.0
motor1_supplier                = 1.1
motor2_soft                    = 1.43
motor2_hard                    = 6.0
motor2_supplier                = 1.1
motor3_soft                    = 1.43
motor3_hard                    = 6.0
motor3_supplier                = 1.1
motor4_soft                    = 1.43
motor4_hard                    = 6.0
motor4_supplier                = 1.1
ardrone_name                   = My ARDrone
navdata_demo                   = TRUE
com_watchdog                   = 2
video_enable                   = TRUE
vision_enable                  = TRUE
vbat_min                       = 9000

[network]
ssid_single_player             = SKYN3T_DDN
ssid_multi_player              = ardrone2_v2.3.3
wifi_mode                      = 1
owner_mac                      = 00:00:00:00:00:00

[control]
accs_offset                    = { -4.2071025e+03 3.9756313e+03 3.9351523e+03 }
accs_gains                     = {  2.0185356e+00 3.3879708e-02 1.9543491e-02  3.1451501e-02 -1.9777157e+00 -1.1019757e-02  -1.7283007e-04 -7.5409547e-03 -1.9198610e+00 }
gyros_offset                   = { 5.2896252e+01 -1.1997500e+01 -9.3862495e+00 }
gyros_gains                    = { 1.0659434e-03 -1.0762638e-03 -1.0664940e-03 }
gyros110_offset                = { 1.6625000e+03 1.6625000e+03 }
gyros110_gains                 = { 1.5271631e-03 -1.5271631e-03 }
magneto_offset                 = { -8.2920372e+01 2.2889437e+01 0.0000000e+00 }
magneto_radius                 = 2.2101360e+02
gyro_offset_thr_x              = 4.0000000e+00
gyro_offset_thr_y              = 4.0000000e+00
gyro_offset_thr_z              = 5.0000000e-01
pwm_ref_gyros                  = 500
osctun_value                   = 0
osctun_test                    = TRUE
altitude_max                   = 50000
altitude_min                   = 50
outdoor                        = FALSE
flight_without_shell           = FALSE
autonomous_flight              = FALSE
control_level                  = 0
euler_angle_max                = 2.0943952e-01
control_iphone_tilt            = 3.4906584e-01
control_vz_max                 = 7.0000000e+02
control_yaw                    = 1.7453293e+00
manual_trim                    = FALSE
indoor_euler_angle_max         = 2.0943952e-01
indoor_control_vz_max          = 7.0000000e+02
indoor_control_yaw             = 1.7453293e+00
outdoor_euler_angle_max        = 3.4906584e-01
outdoor_control_vz_max         = 1.0000000e+03
outdoor_control_yaw            = 3.4906585e+00

[pic]
ultrasound_freq                = 8
ultrasound_watchdog            = 3
pic_version                    = 184877090

[video]
camif_fps                      = 30
camif_buffers                  = 2
num_trackers                   = 12
video_on_usb                   = TRUE
video_file_index               = 1
codec_fps                      = 30

[leds]

[detect]
enemy_colors                   = 1
enemy_without_shell            = 0
groundstripe_colors            = 16
detect_type                    = 3
detections_select_h            = 0
detections_select_v_hsync      = 0
detections_select_v            = 0

[syslog]
output                         = 7
max_size                       = 102400
nb_files                       = 5

[custom]
application_desc               = Default application configuration
profile_desc                   = Default profile configuration
session_desc                   = Default session configuration

[userbox]

[gps]
latitude                       = 5.0000000000000000e+02
longitude                      = 5.0000000000000000e+02
altitude                       = 0.0000000000000000e+00

